0.1300
   -0.5042
    0.5025
   -0.7357
    1.2575
   -0.0197
   -0.5872
   -0.7219
   -0.7810
   -0.6376
   -0.0764
 
   -0.1393
    3.1173
   -0.9220
    0.3766
   -0.8565
   -0.9622
    0.7655
    1.2965
   -0.2940
   -0.1418
   -0.4992
   -0.0487
    2.3774
   -1.1334
   -0.6829
    0.6610
    0.2508
    0.8007
   -0.2034
   -1.2592
    0.0495
    1.4299
   -0.2387
   -0.7093
   -0.9584
    0.1652
    2.7864
    0.2030
   -0.4237
    0.2986
    0.7126
   -1.0075
   -1.4454
   -0.1871
   -1.0037